%YAML:1.0
---
calibration_time: "Mi 25 Okt 2017 11:09:56 CEST"
nr_of_frames: 10
image_width: 640
image_height: 480
board_width: 9
board_height: 6
square_size: 7.9999998211860657e-02
fix_aspect_ratio: 1.
# flags: +fix_aspectRatio
flags: 2
fisheye_model: 0
camera_matrix: !!opencv-matrix
   rows: 3
   cols: 3
   dt: d
   data: [ 6.4429465720072892e+02, 0., 3.1537180350659332e+02, 0.,
       6.4429465720072892e+02, 2.2822568550192190e+02, 0., 0., 1. ]
distortion_coefficients: !!opencv-matrix
   rows: 5
   cols: 1
   dt: d
   data: [ 1.2159606375370642e-01, -1.0570177926422160e+00,
       -2.6926945870810615e-03, 1.9011414650038297e-06,
       1.2993451383283146e+00 ]
avg_reprojection_error: 2.0422159788334773e-01
per_view_reprojection_errors: !!opencv-matrix
   rows: 10
   cols: 1
   dt: f
   data: [ 1.96586266e-01, 2.48713896e-01, 1.98772997e-01,
       2.04448819e-01, 2.06242979e-01, 1.99217528e-01, 2.22366050e-01,
       2.10942775e-01, 1.38832897e-01, 1.99519277e-01 ]
# a set of 6-tuples (rotation vector + translation vector) for each view
extrinsic_parameters: !!opencv-matrix
   rows: 10
   cols: 6
   dt: d
   data: [ -4.4228603989983756e-01, -1.1349447104811280e-01,
       3.1020726864891102e+00, 2.3166896765353270e-01,
       7.5429070329363385e-02, 1.4762184867167227e+00,
       -4.1488126110077078e-01, 1.1838285576649216e-01,
       3.0851283033724011e+00, 2.4998254904697714e-01,
       7.4595854624127420e-02, 1.4956336936278858e+00,
       -6.3406556401631864e-01, 2.4123235428915632e-02,
       3.0480718802348448e+00, 2.3951893059433030e-01,
       5.7852596409805480e-02, 1.5930191193110703e+00,
       -7.1414269482438575e-01, 1.3697920446378237e-01,
       3.0174762584125085e+00, 2.3798919596705800e-01,
       7.3885118643695250e-02, 1.6443502273249810e+00,
       -6.0344925501763991e-01, -8.3193842298456999e-02,
       -3.0361885351616049e+00, 3.0133654818938810e-01,
       7.6523079678357767e-02, 1.3158548334321631e+00,
       -7.9344544157657682e-01, -4.1377901681925811e-03,
       -3.0389558007343904e+00, 3.1246582080647850e-01,
       7.8083121301529529e-02, 1.3050599259060336e+00,
       -2.0356423014318129e-01, 2.9326815158255859e-01,
       3.0885939174276982e+00, 2.1654331488438297e-01,
       6.1844440502714641e-02, 1.4056592973829876e+00,
       -5.9228676996444696e-01, -1.2778085915808454e-01,
       -3.0619327551906697e+00, 2.4976377594813681e-01,
       7.8725206727622399e-02, 1.3217134413566747e+00,
       -4.8564645759952091e-01, -4.2296567305396764e-02,
       -3.0934011035001743e+00, 5.0134001481286117e-01,
       7.6298774726799468e-02, 1.3029477700320615e+00,
       -8.7451968770163688e-02, 2.0150671632838624e-01,
       3.1182165939026554e+00, 3.3301075922128720e-01,
       6.4846056075295325e-02, 1.0765546341868764e+00 ]
