%YAML:1.0
---
calibration_time: "Mi 10 Mai 2017 09:55:57 CEST"
nr_of_frames: 10
image_width: 1920
image_height: 1080
board_width: 9
board_height: 6
square_size: 2.5000000372529030e-02
fix_aspect_ratio: 1.
# flags: +fix_aspectRatio
flags: 2
fisheye_model: 0
camera_matrix: !!opencv-matrix
   rows: 3
   cols: 3
   dt: d
   data: [ 1.0646414607338957e+03, 0., 9.9835357808615618e+02, 0.,
       1.0646414607338957e+03, 5.5237405441791373e+02, 0., 0., 1. ]
distortion_coefficients: !!opencv-matrix
   rows: 5
   cols: 1
   dt: d
   data: [ 9.3327622345528771e-02, -3.6718142025345074e-01,
       -6.2633050929047647e-04, -1.0891752298925373e-03,
       2.9842697164139975e-01 ]
avg_reprojection_error: 7.1477427122469173e-01
per_view_reprojection_errors: !!opencv-matrix
   rows: 10
   cols: 1
   dt: f
   data: [ 7.87805557e-01, 6.60818100e-01, 6.46675706e-01,
       8.82496834e-01, 7.56774783e-01, 6.41542912e-01, 6.41719043e-01,
       9.68748391e-01, 5.29515147e-01, 4.89658922e-01 ]
# a set of 6-tuples (rotation vector + translation vector) for each view
extrinsic_parameters: !!opencv-matrix
   rows: 10
   cols: 6
   dt: d
   data: [ -7.8347730404417018e-02, 2.5107647304130697e-02,
       -8.6734436249603156e-03, -1.3080189765862793e-01,
       -6.9739441367020635e-02, 2.3919532874941857e-01,
       -4.1041930565024178e-02, 1.1115505132015073e-01,
       7.1891726757582070e-02, -8.3300721235508551e-02,
       -7.6054773335434409e-02, 2.3532912208170101e-01,
       -1.3023829214250385e-02, -6.9071319046134394e-02,
       -2.9686298662492329e-03, -1.6260344415982522e-01,
       -7.6511063089049564e-02, 2.1845234789746640e-01,
       2.5894014107049708e-03, 3.4438979500413247e-02,
       7.5846746113210498e-03, -1.0476397032368528e-01,
       -7.1299954722568823e-02, 1.9245782696304900e-01,
       -5.7136349928637975e-02, -5.5029196255352117e-02,
       3.4643654415476968e-02, -1.4272047811881594e-01,
       -6.8584287072593342e-02, 2.1772879855870081e-01,
       -3.2741640538260175e-02, 1.1322960960035146e-01,
       5.7267275678354344e-02, -7.4724701856826989e-02,
       -7.8009510150341493e-02, 2.2043514901446046e-01,
       -5.1836104652241748e-02, 1.3063579316300557e-02,
       -1.8659887459880207e-02, -1.2703621732293255e-01,
       -7.3169457396458429e-02, 2.4745901934375258e-01,
       2.3762942145826409e-02, -7.2518035896536978e-02,
       -4.4054454280826987e-02, -1.7377073237387089e-01,
       -1.0328557059425127e-01, 2.3157277091142772e-01,
       -2.1538787537299132e-02, -7.3680299593620407e-02,
       -3.3409419901223793e-02, -1.7133907008844937e-01,
       -8.3397406785579359e-02, 2.3699560438825693e-01,
       -4.0723269938147309e-02, 2.7935158393613282e-02,
       4.9085101681096413e-03, -1.2251379086454184e-01,
       -7.8018779320114015e-02, 2.4341812790530584e-01 ]
