%YAML:1.0
---
calibration_time: "Sa 02 Sep 2017 14:24:09 CEST"
nr_of_frames: 10
image_width: 640
image_height: 480
board_width: 8
board_height: 6
square_size: 3.7500001490116119e-02
fix_aspect_ratio: 1.
# flags: +fix_aspectRatio
flags: 2
fisheye_model: 0
camera_matrix: !!opencv-matrix
   rows: 3
   cols: 3
   dt: d
   data: [ 6.2342280722466171e+02, 0., 3.0469161970435300e+02, 0.,
       6.2342280722466171e+02, 2.4674682352286976e+02, 0., 0., 1. ]
distortion_coefficients: !!opencv-matrix
   rows: 5
   cols: 1
   dt: d
   data: [ 1.9160617792883089e-01, -1.2806138260651496e+00,
       -2.0295083908818136e-03, 2.3416666027439143e-04,
       1.7870879620779521e+00 ]
avg_reprojection_error: 3.0414547750876436e-01
per_view_reprojection_errors: !!opencv-matrix
   rows: 10
   cols: 1
   dt: f
   data: [ 2.58216500e-01, 2.49400765e-01, 3.27278882e-01,
       3.13753337e-01, 3.14968050e-01, 3.26647460e-01, 3.06798518e-01,
       3.01500499e-01, 2.96477556e-01, 3.34343106e-01 ]
# a set of 6-tuples (rotation vector + translation vector) for each view
extrinsic_parameters: !!opencv-matrix
   rows: 10
   cols: 6
   dt: d
   data: [ -2.6249879353199338e-02, -3.2952940054255170e-01,
       -3.1226853907686092e-02, -1.7266365643224776e-01,
       -1.0947481338258486e-01, 4.7805220649088115e-01,
       -3.8883363630179080e-02, -3.2947954484047609e-01,
       -1.7542507276713259e-02, -1.8006951093499493e-01,
       -9.9777196558308703e-02, 4.8649374646559568e-01,
       -6.9106499611335068e-02, 4.5141531996194029e-01,
       -1.7537521059200284e-02, -1.1118709497464148e-01,
       -8.9252115453842401e-02, 5.6219285807248942e-01,
       -6.8574935366394890e-02, 4.4202663909832662e-01,
       -1.4997069627874384e-02, -1.1246391792175060e-01,
       -8.9582876275413434e-02, 5.5762599035361227e-01,
       -8.8319488828574613e-02, 4.2249446580172412e-01,
       -2.2371280396853561e-02, -1.0803413266485237e-01,
       -9.6838721788645860e-02, 5.5851950697162267e-01,
       -2.9666350127641305e-02, -1.2908954080034613e-01,
       -1.1946568340375769e-02, -1.4515774678536575e-01,
       -6.5417166748333491e-02, 5.1985019708903768e-01,
       -3.1023694095895258e-02, -9.4402698791254902e-02,
       -2.4806514480635134e-02, -2.0518515650875513e-01,
       -5.3140285540523025e-02, 8.6841417610480753e-01,
       -6.2563998386292341e-02, -3.4822072824351136e-01,
       -3.9363341136383432e-03, -1.3316870933805849e-01,
       -1.5071590702139140e-01, 5.2746075474410470e-01,
       -1.6580618340683952e-02, -4.8436524397492670e-01,
       -1.8908131005824783e-02, -1.3659251215118764e-01,
       -1.2174885201096242e-01, 4.6077557468747937e-01,
       -1.0917498163018063e-01, 2.9977177687977719e-01,
       -1.0775347853693464e-02, -8.7995531121371207e-02,
       -1.1930418413668739e-01, 5.1199061920160338e-01 ]
